0.0 0.0 0.0 100.38236 95.73071
70.0 0.0 0.0 150.34842 96.28468
140.0 0.0 0.0 200.33192 96.56557
210.0 0.0 0.0 252.43585 97.379265
280.0 0.0 0.0 303.68777 97.62876
350.0 0.0 0.0 352.5826 97.975815
420.0 0.0 0.0 401.45602 98.53605
0.0 70.0 0.0 99.912506 146.44301
70.0 70.0 0.0 149.79953 146.8645
140.0 70.0 0.0 199.77313 147.50337
210.0 70.0 0.0 251.79451 148.0607
280.0 70.0 0.0 303.30844 148.37553
350.0 70.0 0.0 352.24496 148.46869
420.0 70.0 0.0 401.14093 148.76604
0.0 140.0 0.0 99.844925 196.75513
70.0 140.0 0.0 149.85106 197.39249
140.0 140.0 0.0 199.5298 197.81061
210.0 140.0 0.0 251.13188 198.44028
280.0 140.0 0.0 302.4192 198.54272
350.0 140.0 0.0 351.51013 198.65872
420.0 140.0 0.0 400.56793 198.8078
0.0 210.0 0.0 99.76315 247.1261
70.0 210.0 0.0 149.87688 247.40475
140.0 210.0 0.0 199.35303 247.69678
210.0 210.0 0.0 250.7124 248.15752
280.0 210.0 0.0 301.70706 248.43806
350.0 210.0 0.0 350.496 248.49817
420.0 210.0 0.0 399.75937 248.53786
0.0 280.0 0.0 99.45252 297.33496
70.0 280.0 0.0 149.50453 297.2329
140.0 280.0 0.0 198.7324 297.29642
210.0 280.0 0.0 250.20045 297.43958
280.0 280.0 0.0 301.06744 297.5819
350.0 280.0 0.0 349.8483 297.8841
420.0 280.0 0.0 398.9955 298.3385
0.0 350.0 0.0 99.30152 347.48087
70.0 350.0 0.0 149.05925 346.85577
140.0 350.0 0.0 198.4324 346.6573
210.0 350.0 0.0 249.58363 346.65833
280.0 350.0 0.0 300.81732 346.72952
350.0 350.0 0.0 349.6068 347.44315
420.0 350.0 0.0 398.81982 347.79855
0.0 420.0 0.0 99.0585 397.53516
70.0 420.0 0.0 148.67352 397.10776
140.0 420.0 0.0 198.07352 396.50955
210.0 420.0 0.0 249.4752 396.42474
280.0 420.0 0.0 300.68912 396.63715
350.0 420.0 0.0 349.6362 397.19748
420.0 420.0 0.0 398.55667 397.58722
